let zoro_base = [
    {x: 13, y: 41, width: 45, height: 53},
    {x: 66, y: 41, width: 45,height: 53},
    {x: 118, y: 41, width: 45,height: 53},
    {x: 170, y: 41, width: 46,height: 53}
]

let zoro_endarrere = [
    {x: 14, y: 130, width: 55, height: 40},
    {x: 82, y: 130, width: 60,height: 40},
    {x: 151, y: 130, width: 62,height: 40},
    {x: 221, y: 130, width: 62,height: 40},
    {x: 290, y: 130, width: 62,height: 40},
    {x: 360, y: 130, width: 62,height: 40},
    {x: 430, y: 130, width: 62,height: 40},
]

let zoro_endavant = [
    {x: 430, y: 130, width: 62, height: 40},
    {x: 360, y: 130, width: 62,height: 40},
    {x: 290, y: 130, width: 62,height: 40},
    {x: 221, y: 130, width: 62,height: 40},
    {x: 151, y: 130, width: 62,height: 40},
    {x: 82, y: 130, width: 60,height: 40},
    {x: 14, y: 130, width: 55,height: 40},
]

let zoro_rep = [
    {x: 16, y: 2277, width: 51,height: 49},
    {x: 81, y: 2277, width: 48,height: 49},
    {x: 138, y: 2277, width: 51,height: 49},
    {x: 198, y: 2277, width: 45, height: 49},
]

let zoro_win = [
    {x: 14, y: 2474, width: 45, height: 54},
    {x: 66, y: 2474, width: 45,height: 54},
    {x: 118, y: 2474, width: 45,height: 54},
    {x: 170, y: 2474, width: 46,height: 54},
    {x: 221, y: 2474, width: 46,height: 54},
    {x: 274, y: 2474, width: 46,height: 54},
]

let zoro_cop_especial = [
    {x: 628, y: 2063, width: 87,height: 59},
    {x: 730, y: 2063, width: 86,height: 59},
    {x: 825, y: 2063, width: 87,height: 59},
    {x: 922, y: 2063, width: 70, height: 59},
    {x: 1005, y: 2063, width: 67,height: 59},
    {x: 1079, y: 2063, width: 63,height: 59},
    {x: 1152, y: 2063, width: 46,height: 59},
]

let zoro_cop_puny = [
    {x: 15, y: 41, width: 43, height: 53},
    {x: 69, y: 41, width: 34,height: 53},
    {x: 114, y: 41, width: 37,height: 53},
    {x: 167, y: 41, width: 58,height: 53},
    {x: 242, y: 41, width: 46,height: 53},
    {x: 300, y: 41, width: 39,height: 53},
    {x: 358, y: 41, width: 42,height: 53},
    {x: 414, y: 41, width: 46,height: 53},
]